{
 "cells": [
  {
   "cell_type": "markdown",
   "metadata": {
    "collapsed": false
   },
   "source": [
    "## Loading the required package\n",
    "\n"
   ]
  },
  {
   "cell_type": "code",
   "execution_count": 34,
   "metadata": {
    "collapsed": false
   },
   "outputs": [
   ],
   "source": [
    "import pandas as pd\n",
    "import plotly.express as px"
   ]
  },
  {
   "cell_type": "markdown",
   "metadata": {
    "collapsed": false
   },
   "source": [
    "## Loading dataset & EDA\n",
    "\n"
   ]
  },
  {
   "cell_type": "code",
   "execution_count": 35,
   "metadata": {
    "collapsed": false
   },
   "outputs": [
    {
     "data": {
      "text/html": [
       "<div>\n",
       "<style scoped>\n",
       "    .dataframe tbody tr th:only-of-type {\n",
       "        vertical-align: middle;\n",
       "    }\n",
       "\n",
       "    .dataframe tbody tr th {\n",
       "        vertical-align: top;\n",
       "    }\n",
       "\n",
       "    .dataframe thead th {\n",
       "        text-align: right;\n",
       "    }\n",
       "</style>\n",
       "<table border=\"1\" class=\"dataframe\">\n",
       "  <thead>\n",
       "    <tr style=\"text-align: right;\">\n",
       "      <th></th>\n",
       "      <th>HeartDisease</th>\n",
       "      <th>BMI</th>\n",
       "      <th>Smoking</th>\n",
       "      <th>AlcoholDrinking</th>\n",
       "      <th>Stroke</th>\n",
       "      <th>PhysicalHealth</th>\n",
       "      <th>MentalHealth</th>\n",
       "      <th>DiffWalking</th>\n",
       "      <th>Sex</th>\n",
       "      <th>AgeCategory</th>\n",
       "      <th>Race</th>\n",
       "      <th>Diabetic</th>\n",
       "      <th>PhysicalActivity</th>\n",
       "      <th>GenHealth</th>\n",
       "      <th>SleepTime</th>\n",
       "      <th>Asthma</th>\n",
       "      <th>KidneyDisease</th>\n",
       "      <th>SkinCancer</th>\n",
       "    </tr>\n",
       "  </thead>\n",
       "  <tbody>\n",
       "    <tr>\n",
       "      <th>0</th>\n",
       "      <td>No</td>\n",
       "      <td>16.60</td>\n",
       "      <td>Yes</td>\n",
       "      <td>No</td>\n",
       "      <td>No</td>\n",
       "      <td>3.0</td>\n",
       "      <td>30.0</td>\n",
       "      <td>No</td>\n",
       "      <td>Female</td>\n",
       "      <td>55-59</td>\n",
       "      <td>White</td>\n",
       "      <td>Yes</td>\n",
       "      <td>Yes</td>\n",
       "      <td>Very good</td>\n",
       "      <td>5.0</td>\n",
       "      <td>Yes</td>\n",
       "      <td>No</td>\n",
       "      <td>Yes</td>\n",
       "    </tr>\n",
       "    <tr>\n",
       "      <th>1</th>\n",
       "      <td>No</td>\n",
       "      <td>20.34</td>\n",
       "      <td>No</td>\n",
       "      <td>No</td>\n",
       "      <td>Yes</td>\n",
       "      <td>0.0</td>\n",
       "      <td>0.0</td>\n",
       "      <td>No</td>\n",
       "      <td>Female</td>\n",
       "      <td>80 or older</td>\n",
       "      <td>White</td>\n",
       "      <td>No</td>\n",
       "      <td>Yes</td>\n",
       "      <td>Very good</td>\n",
       "      <td>7.0</td>\n",
       "      <td>No</td>\n",
       "      <td>No</td>\n",
       "      <td>No</td>\n",
       "    </tr>\n",
       "    <tr>\n",
       "      <th>2</th>\n",
       "      <td>No</td>\n",
       "      <td>26.58</td>\n",
       "      <td>Yes</td>\n",
       "      <td>No</td>\n",
       "      <td>No</td>\n",
       "      <td>20.0</td>\n",
       "      <td>30.0</td>\n",
       "      <td>No</td>\n",
       "      <td>Male</td>\n",
       "      <td>65-69</td>\n",
       "      <td>White</td>\n",
       "      <td>Yes</td>\n",
       "      <td>Yes</td>\n",
       "      <td>Fair</td>\n",
       "      <td>8.0</td>\n",
       "      <td>Yes</td>\n",
       "      <td>No</td>\n",
       "      <td>No</td>\n",
       "    </tr>\n",
       "    <tr>\n",
       "      <th>3</th>\n",
       "      <td>No</td>\n",
       "      <td>24.21</td>\n",
       "      <td>No</td>\n",
       "      <td>No</td>\n",
       "      <td>No</td>\n",
       "      <td>0.0</td>\n",
       "      <td>0.0</td>\n",
       "      <td>No</td>\n",
       "      <td>Female</td>\n",
       "      <td>75-79</td>\n",
       "      <td>White</td>\n",
       "      <td>No</td>\n",
       "      <td>No</td>\n",
       "      <td>Good</td>\n",
       "      <td>6.0</td>\n",
       "      <td>No</td>\n",
       "      <td>No</td>\n",
       "      <td>Yes</td>\n",
       "    </tr>\n",
       "    <tr>\n",
       "      <th>4</th>\n",
       "      <td>No</td>\n",
       "      <td>23.71</td>\n",
       "      <td>No</td>\n",
       "      <td>No</td>\n",
       "      <td>No</td>\n",
       "      <td>28.0</td>\n",
       "      <td>0.0</td>\n",
       "      <td>Yes</td>\n",
       "      <td>Female</td>\n",
       "      <td>40-44</td>\n",
       "      <td>White</td>\n",
       "      <td>No</td>\n",
       "      <td>Yes</td>\n",
       "      <td>Very good</td>\n",
       "      <td>8.0</td>\n",
       "      <td>No</td>\n",
       "      <td>No</td>\n",
       "      <td>No</td>\n",
       "    </tr>\n",
       "  </tbody>\n",
       "</table>\n",
       "</div>"
      ],
      "text/plain": [
       "  HeartDisease    BMI Smoking AlcoholDrinking Stroke  PhysicalHealth  \\\n",
       "0           No  16.60     Yes              No     No             3.0   \n",
       "1           No  20.34      No              No    Yes             0.0   \n",
       "2           No  26.58     Yes              No     No            20.0   \n",
       "3           No  24.21      No              No     No             0.0   \n",
       "4           No  23.71      No              No     No            28.0   \n",
       "\n",
       "   MentalHealth DiffWalking     Sex  AgeCategory   Race Diabetic  \\\n",
       "0          30.0          No  Female        55-59  White      Yes   \n",
       "1           0.0          No  Female  80 or older  White       No   \n",
       "2          30.0          No    Male        65-69  White      Yes   \n",
       "3           0.0          No  Female        75-79  White       No   \n",
       "4           0.0         Yes  Female        40-44  White       No   \n",
       "\n",
       "  PhysicalActivity  GenHealth  SleepTime Asthma KidneyDisease SkinCancer  \n",
       "0              Yes  Very good        5.0    Yes            No        Yes  \n",
       "1              Yes  Very good        7.0     No            No         No  \n",
       "2              Yes       Fair        8.0    Yes            No         No  \n",
       "3               No       Good        6.0     No            No        Yes  \n",
       "4              Yes  Very good        8.0     No            No         No  "
      ]
     },
     "execution_count": 35,
     "metadata": {
     },
     "output_type": "execute_result"
    }
   ],
   "source": [
    "heart = pd.read_csv('heart_2020_cleaned.csv')\n",
    "heart.head()"
   ]
  },
  {
   "cell_type": "code",
   "execution_count": 36,
   "metadata": {
    "collapsed": false
   },
   "outputs": [
    {
     "data": {
      "text/plain": [
       "18"
      ]
     },
     "execution_count": 36,
     "metadata": {
     },
     "output_type": "execute_result"
    }
   ],
   "source": [
    "len(heart.columns)"
   ]
  },
  {
   "cell_type": "code",
   "execution_count": 37,
   "metadata": {
    "collapsed": false
   },
   "outputs": [
    {
     "data": {
      "text/plain": [
       "array(['White', 'Black', 'Asian', 'American Indian/Alaskan Native',\n",
       "       'Other', 'Hispanic'], dtype=object)"
      ]
     },
     "execution_count": 37,
     "metadata": {
     },
     "output_type": "execute_result"
    }
   ],
   "source": [
    "heart['Race'].unique()"
   ]
  },
  {
   "cell_type": "code",
   "execution_count": 38,
   "metadata": {
    "collapsed": false
   },
   "outputs": [
    {
     "data": {
      "text/plain": [
       "array(['55-59', '80 or older', '65-69', '75-79', '40-44', '70-74',\n",
       "       '60-64', '50-54', '45-49', '18-24', '35-39', '30-34', '25-29'],\n",
       "      dtype=object)"
      ]
     },
     "execution_count": 38,
     "metadata": {
     },
     "output_type": "execute_result"
    }
   ],
   "source": [
    "heart['AgeCategory'].unique()"
   ]
  },
  {
   "cell_type": "code",
   "execution_count": 39,
   "metadata": {
    "collapsed": false
   },
   "outputs": [
    {
     "data": {
      "text/plain": [
       "array(['Very good', 'Fair', 'Good', 'Poor', 'Excellent'], dtype=object)"
      ]
     },
     "execution_count": 39,
     "metadata": {
     },
     "output_type": "execute_result"
    }
   ],
   "source": [
    "heart['GenHealth'].unique()"
   ]
  },
  {
   "cell_type": "code",
   "execution_count": 40,
   "metadata": {
    "collapsed": false
   },
   "outputs": [
   ],
   "source": [
    "# len(heart) = 319795 which is equal to the length of the dataframe -> No null value"
   ]
  },
  {
   "cell_type": "code",
   "execution_count": 41,
   "metadata": {
    "collapsed": false
   },
   "outputs": [
    {
     "name": "stdout",
     "output_type": "stream",
     "text": [
      "<class 'pandas.core.frame.DataFrame'>\n",
      "RangeIndex: 319795 entries, 0 to 319794\n",
      "Data columns (total 18 columns):\n",
      " #   Column            Non-Null Count   Dtype  \n",
      "---  ------            --------------   -----  \n",
      " 0   HeartDisease      319795 non-null  object \n",
      " 1   BMI               319795 non-null  float64\n",
      " 2   Smoking           319795 non-null  object \n",
      " 3   AlcoholDrinking   319795 non-null  object \n",
      " 4   Stroke            319795 non-null  object \n",
      " 5   PhysicalHealth    319795 non-null  float64\n",
      " 6   MentalHealth      319795 non-null  float64\n",
      " 7   DiffWalking       319795 non-null  object \n",
      " 8   Sex               319795 non-null  object \n",
      " 9   AgeCategory       319795 non-null  object \n",
      " 10  Race              319795 non-null  object \n",
      " 11  Diabetic          319795 non-null  object \n",
      " 12  PhysicalActivity  319795 non-null  object \n",
      " 13  GenHealth         319795 non-null  object \n",
      " 14  SleepTime         319795 non-null  float64\n",
      " 15  Asthma            319795 non-null  object \n",
      " 16  KidneyDisease     319795 non-null  object \n",
      " 17  SkinCancer        319795 non-null  object \n",
      "dtypes: float64(4), object(14)\n",
      "memory usage: 43.9+ MB\n"
     ]
    }
   ],
   "source": [
    "heart.info()"
   ]
  },
  {
   "cell_type": "code",
   "execution_count": 42,
   "metadata": {
    "collapsed": false
   },
   "outputs": [
    {
     "data": {
      "text/html": [
       "<div>\n",
       "<style scoped>\n",
       "    .dataframe tbody tr th:only-of-type {\n",
       "        vertical-align: middle;\n",
       "    }\n",
       "\n",
       "    .dataframe tbody tr th {\n",
       "        vertical-align: top;\n",
       "    }\n",
       "\n",
       "    .dataframe thead th {\n",
       "        text-align: right;\n",
       "    }\n",
       "</style>\n",
       "<table border=\"1\" class=\"dataframe\">\n",
       "  <thead>\n",
       "    <tr style=\"text-align: right;\">\n",
       "      <th></th>\n",
       "      <th>BMI</th>\n",
       "      <th>PhysicalHealth</th>\n",
       "      <th>MentalHealth</th>\n",
       "      <th>SleepTime</th>\n",
       "    </tr>\n",
       "  </thead>\n",
       "  <tbody>\n",
       "    <tr>\n",
       "      <th>count</th>\n",
       "      <td>319795.000000</td>\n",
       "      <td>319795.00000</td>\n",
       "      <td>319795.000000</td>\n",
       "      <td>319795.000000</td>\n",
       "    </tr>\n",
       "    <tr>\n",
       "      <th>mean</th>\n",
       "      <td>28.325399</td>\n",
       "      <td>3.37171</td>\n",
       "      <td>3.898366</td>\n",
       "      <td>7.097075</td>\n",
       "    </tr>\n",
       "    <tr>\n",
       "      <th>std</th>\n",
       "      <td>6.356100</td>\n",
       "      <td>7.95085</td>\n",
       "      <td>7.955235</td>\n",
       "      <td>1.436007</td>\n",
       "    </tr>\n",
       "    <tr>\n",
       "      <th>min</th>\n",
       "      <td>12.020000</td>\n",
       "      <td>0.00000</td>\n",
       "      <td>0.000000</td>\n",
       "      <td>1.000000</td>\n",
       "    </tr>\n",
       "    <tr>\n",
       "      <th>25%</th>\n",
       "      <td>24.030000</td>\n",
       "      <td>0.00000</td>\n",
       "      <td>0.000000</td>\n",
       "      <td>6.000000</td>\n",
       "    </tr>\n",
       "    <tr>\n",
       "      <th>50%</th>\n",
       "      <td>27.340000</td>\n",
       "      <td>0.00000</td>\n",
       "      <td>0.000000</td>\n",
       "      <td>7.000000</td>\n",
       "    </tr>\n",
       "    <tr>\n",
       "      <th>75%</th>\n",
       "      <td>31.420000</td>\n",
       "      <td>2.00000</td>\n",
       "      <td>3.000000</td>\n",
       "      <td>8.000000</td>\n",
       "    </tr>\n",
       "    <tr>\n",
       "      <th>max</th>\n",
       "      <td>94.850000</td>\n",
       "      <td>30.00000</td>\n",
       "      <td>30.000000</td>\n",
       "      <td>24.000000</td>\n",
       "    </tr>\n",
       "  </tbody>\n",
       "</table>\n",
       "</div>"
      ],
      "text/plain": [
       "                 BMI  PhysicalHealth   MentalHealth      SleepTime\n",
       "count  319795.000000    319795.00000  319795.000000  319795.000000\n",
       "mean       28.325399         3.37171       3.898366       7.097075\n",
       "std         6.356100         7.95085       7.955235       1.436007\n",
       "min        12.020000         0.00000       0.000000       1.000000\n",
       "25%        24.030000         0.00000       0.000000       6.000000\n",
       "50%        27.340000         0.00000       0.000000       7.000000\n",
       "75%        31.420000         2.00000       3.000000       8.000000\n",
       "max        94.850000        30.00000      30.000000      24.000000"
      ]
     },
     "execution_count": 42,
     "metadata": {
     },
     "output_type": "execute_result"
    }
   ],
   "source": [
    "heart.describe()"
   ]
  },
  {
   "cell_type": "markdown",
   "metadata": {
    "collapsed": false
   },
   "source": [
    "## Data Visualization\n",
    "\n"
   ]
  },
  {
   "cell_type": "markdown",
   "metadata": {
    "collapsed": false
   },
   "source": [
    "Transport the string variable to integer variable\n",
    "\n"
   ]
  },
  {
   "cell_type": "code",
   "execution_count": 43,
   "metadata": {
    "collapsed": false
   },
   "outputs": [
   ],
   "source": [
    "heart.HeartDisease = heart.HeartDisease.map(dict(Yes=1, No=0))\n",
    "heart.Smoking = heart.Smoking.map(dict(Yes=1, No=0))\n",
    "heart.Diabetic = heart.Diabetic.map(dict(Yes=1, No=0))\n",
    "heart.Asthma = heart.Asthma.map(dict(Yes=1, No=0))\n",
    "heart.Stroke = heart.Stroke.map(dict(Yes=1, No=0))\n",
    "heart.AlcoholDrinking = heart.AlcoholDrinking.map(dict(Yes=1, No=0))\n",
    "heart.DiffWalking = heart.DiffWalking.map(dict(Yes=1, No=0))\n",
    "heart.KidneyDisease = heart.KidneyDisease.map(dict(Yes=1, No=0))\n",
    "heart.SkinCancer = heart.SkinCancer.map(dict(Yes=1, No=0))\n",
    "heart.PhysicalActivity = heart.PhysicalActivity.map(dict(Yes=1, No=0))\n",
    "heart.Sex = heart.Sex.map(dict(Female=1, Male=0))\n",
    "\n",
    "heart.GenHealth = heart.GenHealth.map({'Poor':0,'Fair':1,'Good':2,'Very good':3,'Excellent':4})"
   ]
  },
  {
   "cell_type": "code",
   "execution_count": 44,
   "metadata": {
    "collapsed": false
   },
   "outputs": [
    {
     "data": {
      "text/html": "<html>\n<head><meta charset=\"utf-8\" /></head>\n<body>\n    <div>            <script src=\"https://cdnjs.cloudflare.com/ajax/libs/mathjax/2.7.5/MathJax.js?config=TeX-AMS-MML_SVG\"></script><script type=\"text/javascript\">if (window.MathJax && window.MathJax.Hub && && window.MathJax.Hub.Config) {window.MathJax.Hub.Config({SVG: {font: \"STIX-Web\"}});}</script>                <script type=\"text/javascript\">window.PlotlyConfig = {MathJaxConfig: 'local'};</script>\n        <script src=\"https://cdn.plot.ly/plotly-2.12.1.min.js\"></script>                <div id=\"397eea9c-9e12-408e-88c7-9052e3d49f34\" class=\"plotly-graph-div\" style=\"height:525px; width:100%;\"></div>            <script type=\"text/javascript\">                                    window.PLOTLYENV=window.PLOTLYENV || {};                                    if (document.getElementById(\"397eea9c-9e12-408e-88c7-9052e3d49f34\")) {                    Plotly.newPlot(                        \"397eea9c-9e12-408e-88c7-9052e3d49f34\",                        [{\"coloraxis\":\"coloraxis\",\"name\":\"0\",\"x\":[\"HeartDisease\",\"BMI\",\"Smoking\",\"AlcoholDrinking\",\"Stroke\",\"PhysicalHealth\",\"MentalHealth\",\"DiffWalking\",\"Sex\",\"Diabetic\",\"PhysicalActivity\",\"GenHealth\",\"SleepTime\",\"Asthma\",\"KidneyDisease\",\"SkinCancer\"],\"y\":[\"HeartDisease\",\"BMI\",\"Smoking\",\"AlcoholDrinking\",\"Stroke\",\"PhysicalHealth\",\"MentalHealth\",\"DiffWalking\",\"Sex\",\"Diabetic\",\"PhysicalActivity\",\"GenHealth\",\"SleepTime\",\"Asthma\",\"KidneyDisease\",\"SkinCancer\"],\"z\":[[1.0,0.05180319065574553,0.10776415602593577,-0.03207974262500417,0.19683529884287068,0.17072097196616873,0.028590714546906277,0.2012580485737773,-0.07004047624891857,0.18696346633644115,-0.10002993385404217,-0.24318245834006777,0.008326646858285852,0.04144415110032234,0.14519709877256354,0.09331687769597886],[0.05180319065574553,1.0,0.02311811243269914,-0.0388162230223019,0.019732982346395072,0.10978754360967981,0.06413056947152626,0.18167826388865674,-0.026939645259099435,0.2110436175046834,-0.15061599390257635,-0.2307197801555852,-0.0518222539989217,0.09234501900622406,0.05076753286252695,-0.033643618515338765],[0.10776415602593577,0.02311811243269914,1.0,0.11176752021942088,0.06122603951647455,0.11535241394047427,0.08515728503775283,0.12007416384008394,-0.08505248562950837,0.0596633540872866,-0.0971737659539628,-0.17471733383492744,-0.030335635088081056,0.024148532018300563,0.03491968628492668,0.03397738727204867],[-0.03207974262500417,-0.0388162230223019,0.11176752021942088,1.0,-0.01985791423814558,-0.017254288322825474,0.051281972821896955,-0.03532758282688487,-0.0042001423959357655,-0.059662766348417794,0.01748698277743856,0.029780388324529495,-0.005065450833865205,-0.0022021002378207716,-0.028280091717843844,-0.005702370452955972],[0.19683529884287068,0.019732982346395072,0.06122603951647455,-0.01985791423814558,1.0,0.13701382711696222,0.04646706132163426,0.17414321368906785,0.003091054978076491,0.11108682971509652,-0.0794551948440212,-0.16809004885779183,0.011899980960583199,0.03886614032726421,0.09116684064825993,0.04811610449906195],[0.17072097196616873,0.10978754360967981,0.11535241394047427,-0.017254288322825474,0.13701382711696222,1.0,0.2879866740873284,0.4283727985461515,0.040903839313018844,0.16268308457783998,-0.2322831770768191,-0.48269717646201915,-0.061386631929493576,0.11790658022328045,0.14219718483824162,0.041699685481714016],[0.028590714546906277,0.06413056947152626,0.08515728503775283,0.051281972821896955,0.04646706132163426,0.2879866740873284,1.0,0.15223466914599676,0.10005847280447462,0.027336889783062063,-0.09580810490226965,-0.24162528460281932,-0.119716788031423,0.11400817442476183,0.03728112808809574,-0.033412190709220635],[0.2012580485737773,0.18167826388865674,0.12007416384008394,-0.03532758282688487,0.17414321368906785,0.4283727985461515,0.15223466914599676,1.0,0.06885955945150614,0.22286490684185986,-0.2785239644744156,-0.4137973509446548,-0.022216357334954015,0.10322204883284222,0.15306375213121043,0.06484040178427677],[-0.07004047624891857,-0.026939645259099435,-0.08505248562950837,-0.0042001423959357655,0.003091054978076491,0.040903839313018844,0.10005847280447462,0.06885955945150614,1.0,-0.017767801689552536,-0.04824684580963028,-0.02594738547970221,0.015703748280608075,0.06919111638314421,0.00908385838932254,-0.01343379974373335],[0.18696346633644115,0.2110436175046834,0.0596633540872866,-0.059662766348417794,0.11108682971509652,0.16268308457783998,0.027336889783062063,0.22286490684185986,-0.017767801689552536,1.0,-0.14415861228192678,-0.28469883364949816,0.005961576116275214,0.046959046443129246,0.157155103123005,0.03829579699203416],[-0.10002993385404217,-0.15061599390257635,-0.0971737659539628,0.01748698277743856,-0.0794551948440212,-0.2322831770768191,-0.09580810490226965,-0.2785239644744156,-0.04824684580963028,-0.14415861228192678,1.0,0.28124877406104265,0.003848841379443475,-0.0415258817742273,-0.0818273214414323,-0.0013278104683075525],[-0.24318245834006777,-0.2307197801555852,-0.17471733383492744,0.029780388324529495,-0.16809004885779183,-0.48269717646201915,-0.24162528460281932,-0.4137973509446548,-0.02594738547970221,-0.28469883364949816,0.28124877406104265,1.0,0.06307101241877451,-0.1373424390246677,-0.17464226936425994,-0.05064136740151374],[0.008326646858285852,-0.0518222539989217,-0.030335635088081056,-0.005065450833865205,0.011899980960583199,-0.061386631929493576,-0.119716788031423,-0.022216357334954015,0.015703748280608075,0.005961576116275214,0.003848841379443475,0.06307101241877451,1.0,-0.048245280308050364,0.006237934101449148,0.04126616748652794],[0.04144415110032234,0.09234501900622406,0.024148532018300563,-0.0022021002378207716,0.03886614032726421,0.11790658022328045,0.11400817442476183,0.10322204883284222,0.06919111638314421,0.046959046443129246,-0.0415258817742273,-0.1373424390246677,-0.048245280308050364,1.0,0.03970700033814702,-0.0003964769423400938],[0.14519709877256354,0.05076753286252695,0.03491968628492668,-0.028280091717843844,0.09116684064825993,0.14219718483824162,0.03728112808809574,0.15306375213121043,0.00908385838932254,0.157155103123005,-0.0818273214414323,-0.17464226936425994,0.006237934101449148,0.03970700033814702,1.0,0.06181621651419233],[0.09331687769597886,-0.033643618515338765,0.03397738727204867,-0.005702370452955972,0.04811610449906195,0.041699685481714016,-0.033412190709220635,0.06484040178427677,-0.01343379974373335,0.03829579699203416,-0.0013278104683075525,-0.05064136740151374,0.04126616748652794,-0.0003964769423400938,0.06181621651419233,1.0]],\"type\":\"heatmap\",\"xaxis\":\"x\",\"yaxis\":\"y\",\"hovertemplate\":\"x: %{x}<br>y: %{y}<br>color: %{z}<extra></extra>\"}],                        {\"template\":{\"data\":{\"histogram2dcontour\":[{\"type\":\"histogram2dcontour\",\"colorbar\":{\"outlinewidth\":0,\"ticks\":\"\"},\"colorscale\":[[0.0,\"#0d0887\"],[0.1111111111111111,\"#46039f\"],[0.2222222222222222,\"#7201a8\"],[0.3333333333333333,\"#9c179e\"],[0.4444444444444444,\"#bd3786\"],[0.5555555555555556,\"#d8576b\"],[0.6666666666666666,\"#ed7953\"],[0.7777777777777778,\"#fb9f3a\"],[0.8888888888888888,\"#fdca26\"],[1.0,\"#f0f921\"]]}],\"choropleth\":[{\"type\":\"choropleth\",\"colorbar\":{\"outlinewidth\":0,\"ticks\":\"\"}}],\"histogram2d\":[{\"type\":\"histogram2d\",\"colorbar\":{\"outlinewidth\":0,\"ticks\":\"\"},\"colorscale\":[[0.0,\"#0d0887\"],[0.1111111111111111,\"#46039f\"],[0.2222222222222222,\"#7201a8\"],[0.3333333333333333,\"#9c179e\"],[0.4444444444444444,\"#bd3786\"],[0.5555555555555556,\"#d8576b\"],[0.6666666666666666,\"#ed7953\"],[0.7777777777777778,\"#fb9f3a\"],[0.8888888888888888,\"#fdca26\"],[1.0,\"#f0f921\"]]}],\"heatmap\":[{\"type\":\"heatmap\",\"colorbar\":{\"outlinewidth\":0,\"ticks\":\"\"},\"colorscale\":[[0.0,\"#0d0887\"],[0.1111111111111111,\"#46039f\"],[0.2222222222222222,\"#7201a8\"],[0.3333333333333333,\"#9c179e\"],[0.4444444444444444,\"#bd3786\"],[0.5555555555555556,\"#d8576b\"],[0.6666666666666666,\"#ed7953\"],[0.7777777777777778,\"#fb9f3a\"],[0.8888888888888888,\"#fdca26\"],[1.0,\"#f0f921\"]]}],\"heatmapgl\":[{\"type\":\"heatmapgl\",\"colorbar\":{\"outlinewidth\":0,\"ticks\":\"\"},\"colorscale\":[[0.0,\"#0d0887\"],[0.1111111111111111,\"#46039f\"],[0.2222222222222222,\"#7201a8\"],[0.3333333333333333,\"#9c179e\"],[0.4444444444444444,\"#bd3786\"],[0.5555555555555556,\"#d8576b\"],[0.6666666666666666,\"#ed7953\"],[0.7777777777777778,\"#fb9f3a\"],[0.8888888888888888,\"#fdca26\"],[1.0,\"#f0f921\"]]}],\"contourcarpet\":[{\"type\":\"contourcarpet\",\"colorbar\":{\"outlinewidth\":0,\"ticks\":\"\"}}],\"contour\":[{\"type\":\"contour\",\"colorbar\":{\"outlinewidth\":0,\"ticks\":\"\"},\"colorscale\":[[0.0,\"#0d0887\"],[0.1111111111111111,\"#46039f\"],[0.2222222222222222,\"#7201a8\"],[0.3333333333333333,\"#9c179e\"],[0.4444444444444444,\"#bd3786\"],[0.5555555555555556,\"#d8576b\"],[0.6666666666666666,\"#ed7953\"],[0.7777777777777778,\"#fb9f3a\"],[0.8888888888888888,\"#fdca26\"],[1.0,\"#f0f921\"]]}],\"surface\":[{\"type\":\"surface\",\"colorbar\":{\"outlinewidth\":0,\"ticks\":\"\"},\"colorscale\":[[0.0,\"#0d0887\"],[0.1111111111111111,\"#46039f\"],[0.2222222222222222,\"#7201a8\"],[0.3333333333333333,\"#9c179e\"],[0.4444444444444444,\"#bd3786\"],[0.5555555555555556,\"#d8576b\"],[0.6666666666666666,\"#ed7953\"],[0.7777777777777778,\"#fb9f3a\"],[0.8888888888888888,\"#fdca26\"],[1.0,\"#f0f921\"]]}],\"mesh3d\":[{\"type\":\"mesh3d\",\"colorbar\":{\"outlinewidth\":0,\"ticks\":\"\"}}],\"scatter\":[{\"fillpattern\":{\"fillmode\":\"overlay\",\"size\":10,\"solidity\":0.2},\"type\":\"scatter\"}],\"parcoords\":[{\"type\":\"parcoords\",\"line\":{\"colorbar\":{\"outlinewidth\":0,\"ticks\":\"\"}}}],\"scatterpolargl\":[{\"type\":\"scatterpolargl\",\"marker\":{\"colorbar\":{\"outlinewidth\":0,\"ticks\":\"\"}}}],\"bar\":[{\"error_x\":{\"color\":\"#2a3f5f\"},\"error_y\":{\"color\":\"#2a3f5f\"},\"marker\":{\"line\":{\"color\":\"#E5ECF6\",\"width\":0.5},\"pattern\":{\"fillmode\":\"overlay\",\"size\":10,\"solidity\":0.2}},\"type\":\"bar\"}],\"scattergeo\":[{\"type\":\"scattergeo\",\"marker\":{\"colorbar\":{\"outlinewidth\":0,\"ticks\":\"\"}}}],\"scatterpolar\":[{\"type\":\"scatterpolar\",\"marker\":{\"colorbar\":{\"outlinewidth\":0,\"ticks\":\"\"}}}],\"histogram\":[{\"marker\":{\"pattern\":{\"fillmode\":\"overlay\",\"size\":10,\"solidity\":0.2}},\"type\":\"histogram\"}],\"scattergl\":[{\"type\":\"scattergl\",\"marker\":{\"colorbar\":{\"outlinewidth\":0,\"ticks\":\"\"}}}],\"scatter3d\":[{\"type\":\"scatter3d\",\"line\":{\"colorbar\":{\"outlinewidth\":0,\"ticks\":\"\"}},\"marker\":{\"colorbar\":{\"outlinewidth\":0,\"ticks\":\"\"}}}],\"scattermapbox\":[{\"type\":\"scattermapbox\",\"marker\":{\"colorbar\":{\"outlinewidth\":0,\"ticks\":\"\"}}}],\"scatterternary\":[{\"type\":\"scatterternary\",\"marker\":{\"colorbar\":{\"outlinewidth\":0,\"ticks\":\"\"}}}],\"scattercarpet\":[{\"type\":\"scattercarpet\",\"marker\":{\"colorbar\":{\"outlinewidth\":0,\"ticks\":\"\"}}}],\"carpet\":[{\"aaxis\":{\"endlinecolor\":\"#2a3f5f\",\"gridcolor\":\"white\",\"linecolor\":\"white\",\"minorgridcolor\":\"white\",\"startlinecolor\":\"#2a3f5f\"},\"baxis\":{\"endlinecolor\":\"#2a3f5f\",\"gridcolor\":\"white\",\"linecolor\":\"white\",\"minorgridcolor\":\"white\",\"startlinecolor\":\"#2a3f5f\"},\"type\":\"carpet\"}],\"table\":[{\"cells\":{\"fill\":{\"color\":\"#EBF0F8\"},\"line\":{\"color\":\"white\"}},\"header\":{\"fill\":{\"color\":\"#C8D4E3\"},\"line\":{\"color\":\"white\"}},\"type\":\"table\"}],\"barpolar\":[{\"marker\":{\"line\":{\"color\":\"#E5ECF6\",\"width\":0.5},\"pattern\":{\"fillmode\":\"overlay\",\"size\":10,\"solidity\":0.2}},\"type\":\"barpolar\"}],\"pie\":[{\"automargin\":true,\"type\":\"pie\"}]},\"layout\":{\"autotypenumbers\":\"strict\",\"colorway\":[\"#636efa\",\"#EF553B\",\"#00cc96\",\"#ab63fa\",\"#FFA15A\",\"#19d3f3\",\"#FF6692\",\"#B6E880\",\"#FF97FF\",\"#FECB52\"],\"font\":{\"color\":\"#2a3f5f\"},\"hovermode\":\"closest\",\"hoverlabel\":{\"align\":\"left\"},\"paper_bgcolor\":\"white\",\"plot_bgcolor\":\"#E5ECF6\",\"polar\":{\"bgcolor\":\"#E5ECF6\",\"angularaxis\":{\"gridcolor\":\"white\",\"linecolor\":\"white\",\"ticks\":\"\"},\"radialaxis\":{\"gridcolor\":\"white\",\"linecolor\":\"white\",\"ticks\":\"\"}},\"ternary\":{\"bgcolor\":\"#E5ECF6\",\"aaxis\":{\"gridcolor\":\"white\",\"linecolor\":\"white\",\"ticks\":\"\"},\"baxis\":{\"gridcolor\":\"white\",\"linecolor\":\"white\",\"ticks\":\"\"},\"caxis\":{\"gridcolor\":\"white\",\"linecolor\":\"white\",\"ticks\":\"\"}},\"coloraxis\":{\"colorbar\":{\"outlinewidth\":0,\"ticks\":\"\"}},\"colorscale\":{\"sequential\":[[0.0,\"#0d0887\"],[0.1111111111111111,\"#46039f\"],[0.2222222222222222,\"#7201a8\"],[0.3333333333333333,\"#9c179e\"],[0.4444444444444444,\"#bd3786\"],[0.5555555555555556,\"#d8576b\"],[0.6666666666666666,\"#ed7953\"],[0.7777777777777778,\"#fb9f3a\"],[0.8888888888888888,\"#fdca26\"],[1.0,\"#f0f921\"]],\"sequentialminus\":[[0.0,\"#0d0887\"],[0.1111111111111111,\"#46039f\"],[0.2222222222222222,\"#7201a8\"],[0.3333333333333333,\"#9c179e\"],[0.4444444444444444,\"#bd3786\"],[0.5555555555555556,\"#d8576b\"],[0.6666666666666666,\"#ed7953\"],[0.7777777777777778,\"#fb9f3a\"],[0.8888888888888888,\"#fdca26\"],[1.0,\"#f0f921\"]],\"diverging\":[[0,\"#8e0152\"],[0.1,\"#c51b7d\"],[0.2,\"#de77ae\"],[0.3,\"#f1b6da\"],[0.4,\"#fde0ef\"],[0.5,\"#f7f7f7\"],[0.6,\"#e6f5d0\"],[0.7,\"#b8e186\"],[0.8,\"#7fbc41\"],[0.9,\"#4d9221\"],[1,\"#276419\"]]},\"xaxis\":{\"gridcolor\":\"white\",\"linecolor\":\"white\",\"ticks\":\"\",\"title\":{\"standoff\":15},\"zerolinecolor\":\"white\",\"automargin\":true,\"zerolinewidth\":2},\"yaxis\":{\"gridcolor\":\"white\",\"linecolor\":\"white\",\"ticks\":\"\",\"title\":{\"standoff\":15},\"zerolinecolor\":\"white\",\"automargin\":true,\"zerolinewidth\":2},\"scene\":{\"xaxis\":{\"backgroundcolor\":\"#E5ECF6\",\"gridcolor\":\"white\",\"linecolor\":\"white\",\"showbackground\":true,\"ticks\":\"\",\"zerolinecolor\":\"white\",\"gridwidth\":2},\"yaxis\":{\"backgroundcolor\":\"#E5ECF6\",\"gridcolor\":\"white\",\"linecolor\":\"white\",\"showbackground\":true,\"ticks\":\"\",\"zerolinecolor\":\"white\",\"gridwidth\":2},\"zaxis\":{\"backgroundcolor\":\"#E5ECF6\",\"gridcolor\":\"white\",\"linecolor\":\"white\",\"showbackground\":true,\"ticks\":\"\",\"zerolinecolor\":\"white\",\"gridwidth\":2}},\"shapedefaults\":{\"line\":{\"color\":\"#2a3f5f\"}},\"annotationdefaults\":{\"arrowcolor\":\"#2a3f5f\",\"arrowhead\":0,\"arrowwidth\":1},\"geo\":{\"bgcolor\":\"white\",\"landcolor\":\"#E5ECF6\",\"subunitcolor\":\"white\",\"showland\":true,\"showlakes\":true,\"lakecolor\":\"white\"},\"title\":{\"x\":0.05},\"mapbox\":{\"style\":\"light\"}}},\"xaxis\":{\"anchor\":\"y\",\"domain\":[0.0,1.0],\"scaleanchor\":\"y\",\"constrain\":\"domain\"},\"yaxis\":{\"anchor\":\"x\",\"domain\":[0.0,1.0],\"autorange\":\"reversed\",\"constrain\":\"domain\"},\"coloraxis\":{\"colorscale\":[[0.0,\"#0d0887\"],[0.1111111111111111,\"#46039f\"],[0.2222222222222222,\"#7201a8\"],[0.3333333333333333,\"#9c179e\"],[0.4444444444444444,\"#bd3786\"],[0.5555555555555556,\"#d8576b\"],[0.6666666666666666,\"#ed7953\"],[0.7777777777777778,\"#fb9f3a\"],[0.8888888888888888,\"#fdca26\"],[1.0,\"#f0f921\"]]},\"margin\":{\"t\":60}},                        {\"responsive\": true}                    ).then(function(){\n                            \nvar gd = document.getElementById('397eea9c-9e12-408e-88c7-9052e3d49f34');\nvar x = new MutationObserver(function (mutations, observer) {{\n        var display = window.getComputedStyle(gd).display;\n        if (!display || display === 'none') {{\n            console.log([gd, 'removed!']);\n            Plotly.purge(gd);\n            observer.disconnect();\n        }}\n}});\n\n// Listen for the removal of the full notebook cells\nvar notebookContainer = gd.closest('#notebook-container');\nif (notebookContainer) {{\n    x.observe(notebookContainer, {childList: true});\n}}\n\n// Listen for the clearing of the current output cell\nvar outputEl = gd.closest('.output');\nif (outputEl) {{\n    x.observe(outputEl, {childList: true});\n}}\n\n                        })                };                            </script>        </div>\n</body>\n</html>"
     },
     "execution_count": 44,
     "metadata": {
     },
     "output_type": "execute_result"
    }
   ],
   "source": [
    "heart_corr=px.imshow(heart.corr())\n",
    "heart_corr"
   ]
  },
  {
   "cell_type": "code",
   "execution_count": 45,
   "metadata": {
    "collapsed": false
   },
   "outputs": [
   ],
   "source": [
    "#px.scatter(heart, x = 'BMI', y = 'MentalHealth', color = 'HeartDisease')\n"
   ]
  },
  {
   "cell_type": "code",
   "execution_count": 46,
   "metadata": {
    "collapsed": false
   },
   "outputs": [
   ],
   "source": [
    "#px.bar(heart, x='HeartDisease', y='Stroke')"
   ]
  },
  {
   "cell_type": "code",
   "execution_count": 47,
   "metadata": {
    "collapsed": false
   },
   "outputs": [
   ],
   "source": [
    "#px.scatter(heart,  y = 'MentalHealth', color = 'HeartDisease')"
   ]
  },
  {
   "cell_type": "code",
   "execution_count": 48,
   "metadata": {
    "collapsed": false
   },
   "outputs": [
   ],
   "source": [
    "#px.violin(heart, x = 'PhysicalHealth', y = 'GenHealth', color = 'HeartDisease')"
   ]
  },
  {
   "cell_type": "code",
   "execution_count": 49,
   "metadata": {
    "collapsed": false
   },
   "outputs": [
   ],
   "source": [
    "#px.scatter_3d(heart, x = 'BMI', y = 'MentalHealth',z='GenHealth', color = 'HeartDisease')"
   ]
  }
 ],
 "metadata": {
  "kernelspec": {
   "display_name": "Python 3 (Ubuntu Linux)",
   "language": "python",
   "name": "python3-ubuntu",
   "resource_dir": "/usr/local/share/jupyter/kernels/python3-ubuntu"
  },
  "language_info": {
   "codemirror_mode": {
    "name": "ipython",
    "version": 3
   },
   "file_extension": ".py",
   "mimetype": "text/x-python",
   "name": "python",
   "nbconvert_exporter": "python",
   "pygments_lexer": "ipython3",
   "version": "3.8.10"
  }
 },
 "nbformat": 4,
 "nbformat_minor": 4
}